59.85401535,30.38998222,0.0
59.85396194,30.3878479,0.0
59.85277176,30.37779617,0.0
59.85144424,30.37046814,0.0
59.8276062,30.38608551,0.0
59.82667923,30.38728905,0.0
59.8246994,30.40294456,0.0
59.82518768,30.40512657,0.0
59.82681274,30.41500282,0.0
59.82730865,30.41713333,0.0
59.82901382,30.4259758,0.0
59.85380554,30.36702919,0.0
59.85425568,30.36855125,0.0
59.85504532,30.36802864,0.0
59.85473251,30.36599922,0.0
59.83118439,30.40439415,0.0
59.83242035,30.40280342,0.0
59.83291245,30.40263557,0.0
59.83395386,30.4011898,0.0
59.84602356,30.38933563,0.0
59.84698868,30.38803482,0.0
59.85039902,30.38508797,0.0
59.85130692,30.38393593,0.0
59.85792923,30.37839508,0.0
59.85896683,30.37727547,0.0
59.87141037,30.36814117,0.0
59.87330246,30.3663826,0.0
59.84830475,30.41403198,0.0
59.84942245,30.41267776,0.0
59.83000565,30.42134094,0.0
59.82957458,30.42336273,0.0
59.90548325,30.36445999,0.0
59.90676498,30.36339188,0.0
59.90105438,30.36425781,0.0
59.89022827,30.35494423,0.0
59.88922119,30.35505295,0.0
59.88756561,30.35514259,0.0
59.88632202,30.35566139,0.0
59.84703827,30.45395279,0.0
59.84696198,30.4513855,0.0
59.83478165,30.41054344,0.0
59.83584595,30.40917778,0.0
59.83976364,30.40546036,0.0
59.84369278,30.40148735,0.0
59.954648,29.937312,0.0
59.84503555,30.39986229,0.0
59.84540558,30.39974785,0.0
59.84678268,30.39809608,0.0
59.84708786,30.39803696,0.0
59.84808731,30.39677048,0.0
59.84965897,30.39542198,0.0
59.84555817,30.3963604,0.0
59.83047867,30.39528275,0.0
59.90005875,30.33801842,0.0
59.90001678,30.33823204,0.0
59.89883423,30.33751297,0.0
59.83807373,30.41997719,0.0
59.83815765,30.41989517,0.0
59.83086777,30.41001129,0.0
59.83021164,30.40806961,0.0
59.82813263,30.39416313,0.0
59.82817459,30.39209557,0.0
59.84319687,30.39616966,0.0
59.954648,29.937312,0.0
59.87270355,30.39089584,0.0
59.87340546,30.3897171,0.0
59.90675735,30.34887505,0.0
59.85630035,30.37912369,0.0
59.86990738,30.40865707,0.0
59.86986542,30.40855026,0.0
59.87331009,30.40363312,0.0
60.01165771,30.42943764,0.0
60.01170349,30.42930031,0.0
59.87639999,30.39882469,0.0
59.8732605,30.40349388,0.0
59.87588882,30.40119553,0.0
59.87276459,30.40564346,0.0
59.87281418,30.40577126,0.0
59.86925888,30.41083527,0.0
59.86932373,30.41096687,0.0
59.88626099,30.35946083,0.0
59.88724518,30.35845947,0.0
59.88899231,30.35727501,0.0
59.90809631,30.35097313,0.0
59.86842728,30.37927437,0.0
59.86814117,30.38491249,0.0
59.86698532,30.40784073,0.0
59.86684036,30.41082191,0.0
59.86733627,30.37648582,0.0
59.86719513,30.37913322,0.0
59.866539,30.39214516,0.0
59.86681366,30.40407181,0.0
59.86658096,30.40877151,0.0
59.86735535,30.36839104,0.0
59.86700058,30.36668396,0.0
59.83514404,30.40850449,0.0
59.83380127,30.40294838,0.0
60.00936127,30.42669678,0.0
59.85588074,30.39851189,0.0
59.8567543,30.40118408,0.0
59.85754013,30.40312004,0.0
59.85897446,30.4076252,0.0
59.8603363,30.40987396,0.0
59.86114502,30.41095924,0.0
59.86180115,30.41225624,0.0
59.86272812,30.4137001,0.0
59.90841675,30.34267235,0.0
59.91015244,30.33998871,0.0
60.02825165,30.40421867,0.0
60.02957153,30.40503502,0.0
60.03905106,30.41300392,0.0
60.04064941,30.41401482,0.0
60.05840302,30.3073101,0.0
60.05784225,30.31126022,0.0
60.0585289,30.3073101,0.0
60.05774307,30.31116867,0.0
60.03293228,30.42476845,0.0
59.97240829,30.39354324,0.0
59.9706955,30.39179611,0.0
60.01745987,30.41546249,0.0
60.01638031,30.41468239,0.0
60.03156662,30.3465786,0.0
60.03186798,30.35815048,0.0
60.03199387,30.35813141,0.0
60.03216934,30.36179733,0.0
60.03229141,30.3617897,0.0
60.01654434,30.42722511,0.0
60.01623535,30.42961121,0.0
59.99822235,30.43666649,0.0
59.9982338,30.43682861,0.0
60.00229645,30.43566895,0.0
60.00957489,30.433815,0.0
60.01332474,30.43435478,0.0
60.01446915,30.43387413,0.0
60.02311325,30.36615562,0.0
60.02197647,30.36713028,0.0
60.02196503,30.36685753,0.0
60.02312469,30.3664341,0.0
59.96245575,30.34958076,0.0
59.96210861,30.34755707,0.0
60.03286743,30.42318916,0.0
60.03245926,30.42536163,0.0
60.03774261,30.4232235,0.0
59.99862289,30.38373375,0.0
60.0046196,30.38878822,0.0
60.02109909,30.4054966,0.0
60.0164566,30.40193558,0.0
60.01964951,30.40516472,0.0
60.03411484,30.41804504,0.0
60.03770447,30.38289452,0.0
60.03912735,30.38362885,0.0
60.04037094,30.38503838,0.0
60.04162979,30.38566589,0.0
60.04437637,30.38832283,0.0
60.04563522,30.38889313,0.0
60.03697205,30.3972683,0.0
60.03701401,30.39706993,0.0
60.0382576,30.39692116,0.0
60.03822708,30.3970623,0.0
59.98669815,30.42367172,0.0
59.98743057,30.42037773,0.0
59.98081589,30.40664101,0.0
59.98077774,30.40678787,0.0
59.97589111,30.40122414,0.0
59.97434998,30.40050507,0.0
59.97927856,30.40567589,0.0
59.97932053,30.40553856,0.0
60.01954651,30.38913345,0.0
60.01847839,30.38822174,0.0
59.99693298,30.33892632,0.0
60.0387764,30.39002991,0.0
60.0398674,30.39065933,0.0
59.98392105,30.4028244,0.0
59.98179626,30.41431046,0.0
59.98369598,30.40518379,0.0
59.9825058,30.41054535,0.0
60.0088768,30.39639473,0.0
60.00592804,30.40719795,0.0
60.00479507,30.41075325,0.0
60.00419617,30.41300583,0.0
60.0053978,30.40921593,0.0
60.00876617,30.39860344,0.0
59.99993896,30.42640305,0.0
60.00121307,30.4224205,0.0
60.00072098,30.42358398,0.0
60.04122162,30.40806389,0.0
60.03714371,30.40475845,0.0
60.03546524,30.40338707,0.0
60.03426743,30.40263939,0.0
60.03596878,30.40402985,0.0
60.03985977,30.40720749,0.0
59.97310257,30.39266777,0.0
59.97251129,30.39490128,0.0
59.94580078,30.42037392,0.0
59.94481277,30.42038536,0.0
59.97063828,30.39024353,0.0
59.97006989,30.39292526,0.0
59.99974442,30.3760643,0.0
59.99954987,30.37782669,0.0
59.96695328,30.34533691,0.0
59.96745682,30.34878731,0.0
59.98557281,30.39069366,0.0
59.98454285,30.38955307,0.0
59.98404312,30.38861465,0.0
59.9825592,30.38688087,0.0
59.98121643,30.38506889,0.0
59.98298264,30.40067101,0.0
59.98231888,30.40375519,0.0
60.02447128,30.38659096,0.0
60.02395248,30.38891983,0.0
59.98609161,30.40098,0.0
59.98382187,30.39855194,0.0
59.98231125,30.39748192,0.0
59.99061584,30.42422104,0.0
59.98933792,30.42309761,0.0
59.98934174,30.42288017,0.0
60.0004921,30.39328384,0.0
60.001091,30.38916206,0.0
60.01351166,30.43054581,0.0
60.01064682,30.4271431,0.0
60.02029419,30.37936401,0.0
60.02108765,30.3776989,0.0
60.02261353,30.37509537,0.0
60.02622604,30.42266273,0.0
60.02397537,30.42038536,0.0
60.02521133,30.42134666,0.0
60.02939606,30.42556572,0.0
60.03494644,30.38929558,0.0
59.98504257,30.4029541,0.0
59.98454285,30.40678215,0.0
59.9867363,30.40345764,0.0
59.98719025,30.40019989,0.0
60.00153351,30.42139816,0.0
60.00997543,30.40468407,0.0
60.05472946,30.38372421,0.0
59.9980278,30.43200493,0.0
59.99685287,30.43103027,0.0
59.99547195,30.42931366,0.0
59.99400711,30.42802811,0.0
60.00376892,30.42155266,0.0
60.00276947,30.42158508,0.0
60.00553513,30.42107391,0.0
60.02527618,30.37010384,0.0
60.03297043,30.39972687,0.0
60.03460312,30.39168167,0.0
59.98361588,30.42295265,0.0
59.98408508,30.41913795,0.0
59.99489212,30.41311836,0.0
59.99634552,30.41469002,0.0
60.00871277,30.4037056,0.0
60.02095795,30.38142776,0.0
60.01924133,30.38029671,0.0
59.9671402,30.36667252,0.0
59.96879196,30.36557579,0.0
59.89850235,30.28333282,0.0
59.85006714,30.25614357,0.0
59.85408401,30.25645256,0.0
59.85568619,30.25619125,0.0
59.83341217,30.22425842,0.0
59.83627701,30.22151566,0.0
59.83734894,30.22021866,0.0
59.89700699,30.272192,0.0
59.89809799,30.27132607,0.0
59.87216949,30.25567055,0.0
59.87213135,30.2555294,0.0
59.89827728,30.2849102,0.0
59.86882401,30.26601219,0.0
59.86968231,30.26458931,0.0
59.91067505,30.25126648,0.0
59.91071701,30.25228882,0.0
59.91096878,30.25438499,0.0
59.84556198,30.26916313,0.0
59.84713364,30.27136612,0.0
59.84887314,30.27064133,0.0
59.8535347,30.26741219,0.0
59.88808823,30.26442337,0.0
59.88797379,30.2648716,0.0
59.88761902,30.26670265,0.0
59.87421417,30.26941109,0.0
59.8867836,30.27904129,0.0
59.84117889,30.27083969,0.0
59.89710236,30.26263237,0.0
59.89771652,30.26567841,0.0
59.89784241,30.26578712,0.0
59.86171341,30.32396698,0.0
59.83043671,30.22052002,0.0
59.83153152,30.21943474,0.0
59.84698486,30.21747017,0.0
59.84754181,30.21965027,0.0
59.84884644,30.22564888,0.0
59.84948349,30.22733879,0.0
59.85331726,30.23731232,0.0
59.85427475,30.23993301,0.0
59.86186218,30.25501633,0.0
59.82807159,30.19327736,0.0
59.82767105,30.19594383,0.0
59.82712555,30.19876671,0.0
59.84482193,30.27425575,0.0
59.83495331,30.25648308,0.0
59.83549118,30.25532532,0.0
59.83956528,30.24874878,0.0
59.8653183,30.25033569,0.0
59.86543655,30.25299644,0.0
59.89299393,30.27104187,0.0
59.852211,30.26280212,0.0
59.80948639,30.59006119,0.0
59.80302811,30.5895443,0.0
59.80382919,30.58822632,0.0
59.77928162,30.69276237,0.0
59.77819443,30.69122887,0.0
59.78081131,30.63048172,0.0
59.7950325,30.51584625,0.0
59.7950325,30.51584625,0.0
59.79462051,30.51607704,0.0
59.79544067,30.51671028,0.0
59.804142,30.51194572,0.0
59.80303192,30.51104736,0.0
59.81029892,30.56722069,0.0
59.81072617,30.56805038,0.0
59.81201553,30.56986809,0.0
59.81305695,30.55830002,0.0
59.74866867,30.59394264,0.0
59.74747086,30.59967041,0.0
59.73768234,30.58665657,0.0
59.73771667,30.58499336,0.0
59.74882507,30.59713936,0.0
59.74578476,30.57579803,0.0
59.74458313,30.5758152,0.0
59.75013351,30.59137917,0.0
59.74986649,30.59117508,0.0
59.74980927,30.59113121,0.0
59.74912262,30.59116936,0.0
59.74898529,30.59114838,0.0
59.74535751,30.59496498,0.0
59.7435112,30.59445953,0.0
59.73321152,30.60614014,0.0
59.73195648,30.60668182,0.0
59.80712128,30.56941795,0.0
59.78528595,30.61954498,0.0
59.8616066,30.31827545,0.0
59.73999023,30.56889915,0.0
59.73874664,30.56894875,0.0
59.73781967,30.56872559,0.0
59.73666,30.57111168,0.0
59.73519897,30.58131599,0.0
59.73495865,30.58544731,0.0
59.74209213,30.5619278,0.0
59.74208832,30.56649971,0.0
59.74172211,30.57321739,0.0
59.74168015,30.61803055,0.0
59.74914551,30.59504318,0.0
59.7495079,30.59245682,0.0
59.74941635,30.59215546,0.0
59.74960709,30.58969116,0.0
59.75001907,30.56637192,0.0
59.7354126,30.61419678,0.0
59.73553085,30.61670685,0.0
59.73605728,30.61797905,0.0
59.73639679,30.61950874,0.0
59.73714828,30.62132835,0.0
59.74610901,30.58304977,0.0
59.97267532,30.42693138,0.0
59.92569351,30.43204689,0.0
59.97615814,30.45800591,0.0
59.97616959,30.45775223,0.0
59.94065094,30.47755814,0.0
59.94526672,30.4234581,0.0
59.92596436,30.40869522,0.0
59.92622757,30.42020988,0.0
59.9251442,30.41737556,0.0
59.95584869,30.48879242,0.0
59.95499802,30.48621368,0.0
59.94690704,30.41648293,0.0
59.94680405,30.41644669,0.0
59.95264053,30.49401474,0.0
59.95153046,30.49046326,0.0
59.98627472,30.43404961,0.0
59.98683167,30.43096924,0.0
59.94831467,30.48205376,0.0
59.96041489,30.44734764,0.0
59.96064758,30.45028305,0.0
59.95989227,30.44883537,0.0
59.94006348,30.49566841,0.0
59.93977737,30.49938202,0.0
59.93961334,30.46756172,0.0
59.95093155,30.46057701,0.0
59.95951462,30.48161507,0.0
60.033638,30.4552269,0.0
59.98933792,30.42309761,0.0
59.94481277,30.42038536,0.0
59.94580078,30.42037392,0.0
59.9825058,30.41054535,0.0
59.98369598,30.40518379,0.0
59.98392105,30.4028244,0.0
59.95623016,30.41050911,0.0
59.95602417,30.48652458,0.0
59.96808624,30.42965889,0.0
59.98934174,30.42288017,0.0
59.99400711,30.42802811,0.0
59.99547195,30.42931366,0.0
59.99685287,30.43103027,0.0
59.9980278,30.43200493,0.0
59.96881485,30.44091225,0.0
59.93325806,30.42076111,0.0
59.93308258,30.4183979,0.0
59.98719025,30.40019989,0.0
59.9867363,30.40345764,0.0
59.98408508,30.41913795,0.0
60.01446915,30.43387413,0.0
60.01332474,30.43435478,0.0
60.00957489,30.433815,0.0
59.9982338,30.43682861,0.0
59.99822235,30.43666649,0.0
59.83624268,30.18321991,0.0
59.8352356,30.18321228,0.0
59.84337997,30.16679955,0.0
59.84067154,30.16659546,0.0
59.82570267,30.16329193,0.0
59.85320663,30.18512344,0.0
59.85202026,30.18532372,0.0
59.83056259,30.1403141,0.0
59.82875443,30.14011002,0.0
59.8276329,30.14029694,0.0
59.8337326,30.14649582,0.0
59.8325119,30.14670563,0.0
59.85670471,30.1404686,0.0
59.83912659,30.1288662,0.0
59.83800125,30.12833214,0.0
59.84413147,30.13042259,0.0
59.84560394,30.13011551,0.0
59.78055573,30.14045143,0.0
59.81348038,30.17787361,0.0
59.81398773,30.17859077,0.0
59.81466675,30.1788578,0.0
59.81456375,30.17870903,0.0
59.81542969,30.17896271,0.0
59.81530762,30.17881012,0.0
59.81596756,30.17889023,0.0
59.81631851,30.17906952,0.0
59.81718826,30.17904091,0.0
59.82821655,30.14341736,0.0
59.82821655,30.14341736,0.0
59.82949829,30.14328384,0.0
59.83178711,30.09098625,0.0
59.82936859,30.08638573,0.0
59.83267975,30.09208488,0.0
59.77248383,30.1359539,0.0
59.77253342,30.13447189,0.0
59.78512955,30.14362907,0.0
59.78544998,30.14188957,0.0
59.82144165,30.09491539,0.0
59.78424072,30.13930511,0.0
59.78168106,30.13715172,0.0
59.83127213,30.15641785,0.0
59.83242035,30.15626907,0.0
59.73059464,30.07950401,0.0
59.84980774,30.13904953,0.0
59.84970856,30.15015221,0.0
59.84971237,30.1493454,0.0
59.84910202,30.14728737,0.0
59.8277092,30.07527161,0.0
59.81894684,30.10025978,0.0
59.81975555,30.09779549,0.0
59.73033142,30.0698204,0.0
59.84671783,30.25359726,0.0
59.83314896,30.21257401,0.0
59.8330307,30.21221542,0.0
59.85969543,30.22061539,0.0
59.85995102,30.22256851,0.0
59.82452774,30.16261864,0.0
59.82481766,30.15446663,0.0
59.82489777,30.15702057,0.0
59.82457733,30.1651783,0.0
59.85707474,30.17782402,0.0
59.85453415,30.19034767,0.0
59.84522629,30.13889313,0.0
59.84648514,30.20929909,0.0
59.84693146,30.18779373,0.0
59.84712219,30.17827988,0.0
59.84727478,30.1703968,0.0
59.84766769,30.15716553,0.0
59.84734726,30.17291451,0.0
59.84719086,30.18051529,0.0
59.84701157,30.18980026,0.0
59.99902725,29.76930809,0.0
59.99874115,29.7707386,0.0
59.99914169,29.76829147,0.0
59.99489212,29.78060341,0.0
59.99577713,29.77967072,0.0
59.99654007,29.76041985,0.0
59.9991188,29.7657814,0.0
59.9991684,29.76552582,0.0
59.9981575,29.75977898,0.0
59.99847031,29.76939583,0.0
59.99913406,29.76995659,0.0
59.99913406,29.76995659,0.0
59.9995079,29.77005768,0.0
59.99007416,29.77133751,0.0
60.00023651,29.76916504,0.0
59.99990463,29.76856995,0.0
59.99855042,29.76776314,0.0
59.98867416,29.76423454,0.0
59.98801804,29.76839447,0.0
59.99682999,29.76219177,0.0
59.99560928,29.761343,0.0
59.99218369,29.76073265,0.0
59.99230194,29.76021767,0.0
59.99604416,29.77906418,0.0
60.00232315,29.76578712,0.0
60.00114822,29.76860809,0.0
60.00033951,29.77059746,0.0
59.99902725,29.76930809,0.0
59.99874115,29.7707386,0.0
59.99914169,29.76829147,0.0
60.09397888,29.97678566,0.0
60.19969559,29.70068932,0.0
60.19895935,29.69770622,0.0
60.19143295,29.74691963,0.0
60.19171524,29.74400902,0.0
60.19356918,29.70564842,0.0
60.09208679,29.95002747,0.0
60.09148026,29.95057106,0.0
60.08317566,29.96780205,0.0
60.09047318,29.96454239,0.0
60.09065247,29.964571,0.0
60.08021545,29.96400452,0.0
60.08066177,29.97300148,0.0
60.186203,29.78097725,0.0
60.18557358,29.7837677,0.0
60.18473053,29.78808594,0.0
60.18484879,29.78790474,0.0
60.18444443,29.78997612,0.0
60.18388367,29.79244423,0.0
60.18361664,29.79423714,0.0
60.18339539,29.79500961,0.0
60.18290329,29.79643631,0.0
60.18513489,29.78603363,0.0
60.18627167,29.78010559,0.0
60.19407272,29.51324463,0.0
60.1947937,29.51593208,0.0
60.09501648,29.97151375,0.0
60.15281677,29.91179466,0.0
60.20065308,29.71029472,0.0
60.19976807,29.70857239,0.0
60.08314514,29.96419525,0.0
60.08382416,29.96373177,0.0
60.05758286,29.98457527,0.0
60.05836868,29.9843483,0.0
60.04736328,29.9800663,0.0
60.0487442,29.97913551,0.0
60.04870605,29.97700882,0.0
60.09402466,29.97600365,0.0
60.09389496,29.95188522,0.0
60.09228897,29.95013618,0.0
60.11002731,29.95415306,0.0
60.10991287,29.95331001,0.0
60.06493759,29.97332954,0.0
60.06557846,29.97283173,0.0
60.07091141,29.97192955,0.0
60.2071991,29.70502472,0.0
60.02614212,30.01836967,0.0
60.02615356,30.01548195,0.0
60.0795784,29.97104836,0.0
60.08056259,29.97070694,0.0
60.05622101,30.00799561,0.0
60.05709839,30.00764465,0.0
60.05774689,30.00771904,0.0
60.05895615,30.00741386,0.0
60.06032181,30.0062027,0.0
60.06082535,30.00489044,0.0
60.06108475,30.00457001,0.0
60.20676422,29.70670509,0.0
60.20674896,29.70683479,0.0
60.20602417,29.70588303,0.0
60.19750214,29.70001984,0.0
60.19529343,29.69845963,0.0
60.19985962,29.69841957,0.0
60.19443512,29.7143383,0.0
60.09783936,29.95691299,0.0
60.09679794,29.95652008,0.0
60.05501556,29.98122978,0.0
60.08914566,29.95248222,0.0
60.08903122,29.95303917,0.0
60.10048676,29.9678936,0.0
60.09729004,29.97028351,0.0
60.12676239,30.15484428,0.0
60.05805969,29.99761963,0.0
60.05934525,29.99971199,0.0
60.06003189,30.00101852,0.0
60.06091309,30.00261307,0.0
60.12058258,30.16937447,0.0
60.10036087,29.97340775,0.0
60.16861343,29.87338829,0.0
60.1669693,29.86968231,0.0
60.16622925,29.86824036,0.0
60.16730881,29.87564468,0.0
60.16903687,29.87392044,0.0
60.16900635,29.87379837,0.0
60.17133331,29.87186623,0.0
60.17612076,29.8885994,0.0
60.17569351,29.88529396,0.0
60.17514038,29.88368034,0.0
60.17510605,29.88374329,0.0
60.17354202,29.8779583,0.0
60.20370483,29.80033684,0.0
60.19018936,29.81241798,0.0
60.12692642,30.16273117,0.0
60.12677765,30.16004944,0.0
60.12682343,30.1578083,0.0
60.12146378,30.15386391,0.0
60.19379807,29.6588726,0.0
60.20866013,29.70669937,0.0
60.20757294,29.70466232,0.0
60.0495491,29.97703743,0.0
60.05008316,29.97725105,0.0
60.05169296,29.97760963,0.0
60.0545311,29.97780991,0.0
60.05694199,29.97722816,0.0
60.08928299,29.964674,0.0
60.08860397,29.96282578,0.0
60.08245468,29.97245789,0.0
60.20054626,29.70588684,0.0
60.19966125,29.70593452,0.0
60.19802856,29.70562744,0.0
60.09798431,29.9732914,0.0
60.09501648,29.97151375,0.0
59.79772186,30.27849579,0.0
59.83561325,30.36841393,0.0
59.83498383,30.36444283,0.0
59.8715477,30.30044746,0.0
59.87165451,30.32359695,0.0
59.87187195,30.32616997,0.0
59.8802681,30.32026482,0.0
59.83664322,30.31990623,0.0
59.83570099,30.31969261,0.0
59.83361816,30.32007408,0.0
59.87899017,30.32508087,0.0
59.87879944,30.32275963,0.0
59.85255814,30.33708572,0.0
59.85239029,30.33705711,0.0
59.85959625,30.31790161,0.0
59.85805893,30.31529427,0.0
59.85758209,30.34982872,0.0
59.8575592,30.34964943,0.0
59.86203003,30.34792328,0.0
59.86200333,30.34774399,0.0
59.8807869,30.31227493,0.0
59.86328506,30.3472023,0.0
59.84769821,30.35547638,0.0
59.83801651,30.35962868,0.0
59.86962128,30.3449192,0.0
59.86856079,30.34577179,0.0
59.86545944,30.35401154,0.0
59.86479568,30.35003853,0.0
59.86421585,30.32681465,0.0
59.86476135,30.31319046,0.0
59.86463165,30.31127167,0.0
59.84754181,30.29191399,0.0
59.83067703,30.35436058,0.0
59.8563118,30.34701347,0.0
59.85481644,30.34553719,0.0
59.85437012,30.34362602,0.0
59.87950897,30.31332397,0.0
59.85811996,30.332304,0.0
59.85847092,30.33443642,0.0
59.83969879,30.34918785,0.0
59.83971024,30.34939957,0.0
59.9073143,30.30062294,0.0
59.83088684,30.35085487,0.0
59.82963943,30.35023499,0.0
59.87899017,30.32508087,0.0
59.87879944,30.32275963,0.0
59.87950897,30.31332207,0.0
59.84452057,30.31505394,0.0
59.84350586,30.31535721,0.0
59.86198044,30.33428192,0.0
59.86179352,30.32046318,0.0
59.8616066,30.31827545,0.0
59.954648,29.937312,0.0
59.83175659,30.34231377,0.0
59.81894684,30.10026741,0.0
59.82083893,30.09486008,0.0
59.81969452,30.09771919,0.0
59.82692337,30.07769775,0.0
59.82136917,30.09296036,0.0
59.82766342,30.07521439,0.0
59.86272812,30.4137001,0.0
59.86180115,30.41225624,0.0
59.86114502,30.41095924,0.0
59.8603363,30.40987396,0.0
59.85897446,30.4076252,0.0
59.85754013,30.40312004,0.0
59.8567543,30.40118408,0.0
59.85588074,30.39851189,0.0
59.90171051,30.48318291,0.0
59.91194534,30.40018845,0.0
59.91215134,30.39870071,0.0
59.91944504,30.48085594,0.0
59.92180634,30.49134636,0.0
59.92099762,30.49336052,0.0
59.8832283,30.47800255,0.0
59.88423157,30.48484993,0.0
59.88428497,30.48082161,0.0
59.86816788,30.45260429,0.0
59.89329529,30.45422173,0.0
59.89365005,30.45679665,0.0
59.89801407,30.47943687,0.0
59.89857101,30.48130608,0.0
59.89877319,30.4826622,0.0
59.84884644,30.46206474,0.0
59.84828568,30.46004868,0.0
59.89918137,30.47812843,0.0
59.89979553,30.48023415,0.0
59.89994812,30.48135948,0.0
59.90066528,30.48392868,0.0
59.90476227,30.47592735,0.0
59.90574646,30.47740936,0.0
59.87826157,30.47607231,0.0
59.8409462,30.48518562,0.0
59.87663269,30.43656349,0.0
59.91291809,30.45365524,0.0
59.91209412,30.45442772,0.0
59.90914917,30.457201,0.0
59.87407684,30.44923592,0.0
59.88753891,30.4850769,0.0
59.88794327,30.48724174,0.0
59.89215088,30.41356659,0.0
59.88012695,30.4297123,0.0
59.8731575,30.44846535,0.0
59.83941269,30.48698807,0.0
59.83871841,30.48821449,0.0
59.83802032,30.49025726,0.0
59.83777618,30.49043655,0.0
59.83712387,30.4924469,0.0
59.89686203,30.42523003,0.0
59.89772034,30.42738724,0.0
59.91427994,30.40028954,0.0
59.90215302,30.46995735,0.0
59.90114594,30.47121811,0.0
59.954648,29.937312,0.0
59.954648,29.937312,0.0
59.91635132,30.47288895,0.0
59.91551208,30.47527313,0.0
59.954648,29.937312,0.0
59.91912079,30.46237946,0.0
59.92021942,30.46279526,0.0
59.92564011,30.49588776,0.0
59.9257431,30.49579239,0.0
59.92670059,30.49917603,0.0
59.92658615,30.49929047,0.0
59.92560577,30.49669838,0.0
59.92243958,30.48329544,0.0
59.91373062,30.39987946,0.0
59.90932083,30.45191002,0.0
59.89547348,30.42490578,0.0
59.89473724,30.42704391,0.0
59.86387253,30.45623398,0.0
59.85970306,30.47406006,0.0
59.86328506,30.45937538,0.0
59.9006424,29.77392197,0.0
59.90074539,29.77402878,0.0
59.87575912,29.86467934,0.0
59.87677765,29.86354065,0.0
59.85226059,30.02437401,0.0
59.85339355,30.02518463,0.0
59.85348511,30.02036285,0.0
59.8542366,30.02085876,0.0
59.85247803,30.0306282,0.0
59.86333084,29.93979645,0.0
59.86316681,29.94198227,0.0
59.86168671,29.95208359,0.0
59.86135483,29.9549427,0.0
59.90616608,29.76930428,0.0
59.90621185,29.7691021,0.0
59.90780258,29.76937866,0.0
59.90667725,29.7625103,0.0
59.9078598,29.76319313,0.0
59.90922928,29.76432228,0.0
59.91001511,29.76486206,0.0
59.90781784,29.77506065,0.0
59.90824509,29.77258682,0.0
59.90844345,29.76997948,0.0
59.90372086,29.77762794,0.0
59.89513779,29.76726913,0.0
59.89706802,29.80533028,0.0
59.89753723,29.80631638,0.0
59.89753723,29.8068676,0.0
59.89764404,29.80679893,0.0
59.89842987,29.8093586,0.0
59.90311432,29.7757988,0.0
59.86964417,29.91920471,0.0
59.87143326,29.91946411,0.0
59.8692894,29.86256409,0.0
59.86987686,29.85993195,0.0
59.87108612,29.85453606,0.0
59.87517166,29.83678246,0.0
59.87700272,29.82860565,0.0
59.86919022,29.86457825,0.0
59.87080383,29.91132736,0.0
59.86917877,29.91078377,0.0
59.88239288,29.8436203,0.0
59.88215256,29.8447113,0.0
59.86929703,29.97467422,0.0
59.87050247,29.97649002,0.0
59.87091446,29.84375191,0.0
59.87169647,29.84667397,0.0
59.87245941,29.85072899,0.0
59.8731842,29.85348892,0.0
59.86237335,29.9298439,0.0
59.86252975,29.9280777,0.0
59.8373909,30.0267086,0.0
59.91708374,29.75389099,0.0
59.91732788,29.75314713,0.0
59.89719772,29.80688286,0.0
59.89776611,29.80646133,0.0
59.91709518,29.75030518,0.0
59.90737534,29.7656765,0.0
59.90624237,29.76561546,0.0
59.90758133,29.76571465,0.0
59.90604401,29.76559258,0.0
59.90439987,29.78223228,0.0
59.90547562,29.78322601,0.0
59.90855789,29.77436066,0.0
59.90745926,29.7737999,0.0
59.9062233,29.77248764,0.0
59.90511703,29.77144814,0.0
59.90487671,29.77153206,0.0
59.90670013,29.76666069,0.0
59.90657425,29.76753616,0.0
59.90642166,29.76788139,0.0
59.90579987,29.77077484,0.0
59.9057045,29.77325058,0.0
59.88879395,29.85962677,0.0
59.8879509,29.85925674,0.0
59.88772583,29.8588562,0.0
59.88684082,29.85841751,0.0
59.87561798,29.85753441,0.0
59.86727905,29.85755348,0.0
59.86895752,29.85004807,0.0
59.86990738,29.88005638,0.0
59.87059784,29.87835503,0.0
59.8742485,29.87070656,0.0
59.87464142,29.86933517,0.0
59.87478638,29.86928368,0.0
59.87507629,29.86916351,0.0
59.87634659,29.86846924,0.0
59.87525558,29.86406326,0.0
59.85668182,29.93161392,0.0
59.85637283,29.9306221,0.0
59.85643768,29.92659569,0.0
59.85705566,29.92489433,0.0
59.85744476,29.92373848,0.0
59.85757065,29.92209244,0.0
59.85809326,29.92004204,0.0
59.85873413,29.91847992,0.0
59.87253189,29.89237213,0.0
59.87326431,29.8892765,0.0
59.87951279,29.84955215,0.0
59.87978745,29.84791183,0.0
59.87989044,29.84786797,0.0
59.88014603,29.84631348,0.0
59.88078308,29.84392929,0.0
59.88116837,29.84177017,0.0
59.88238525,29.83678246,0.0
59.88280869,29.83441544,0.0
59.87897491,29.87138748,0.0
59.87820053,29.86999893,0.0
59.85607147,29.91356277,0.0
59.8572197,29.91406059,0.0
59.85723495,29.91392899,0.0
59.8612442,29.91547012,0.0
59.85198975,30.08226395,0.0
59.85144043,30.05056763,0.0
59.85122299,30.04622841,0.0
59.85177612,30.07836151,0.0
59.87462234,29.85751343,0.0
59.87007141,29.84952164,0.0
59.8741188,29.85577202,0.0
59.86935806,29.84877777,0.0
59.73112869,30.34760094,0.0
59.84564972,30.02555656,0.0
59.84601974,30.02436256,0.0
59.84621429,30.02437401,0.0
59.84650421,30.02333641,0.0
59.84910965,30.01818466,0.0
59.84983826,30.01623344,0.0
59.8731041,29.90555382,0.0
59.87304306,29.90984535,0.0
59.87288284,29.910923,0.0
59.87284851,29.91149712,0.0
59.87267303,29.91246223,0.0
59.8727417,29.9126873,0.0
59.91062927,29.76568222,0.0
59.91073227,29.76412773,0.0
59.97639847,30.30721474,0.0
59.96522522,30.3033905,0.0
59.95254517,30.29171944,0.0
59.97934723,30.28188515,0.0
59.97631836,30.28702354,0.0
59.96465302,30.28463173,0.0
59.96369553,30.28224373,0.0
59.95182419,30.30541801,0.0
59.95106888,30.30575752,0.0
59.96010208,30.31008339,0.0
59.9583168,30.3234024,0.0
59.95898438,30.32536697,0.0
59.95798492,30.29185677,0.0
59.97687149,30.28077698,0.0
59.97819138,30.28348541,0.0
59.97999573,30.28774452,0.0
59.98048019,30.29059219,0.0
59.9564209,30.30217171,0.0
59.97355652,30.27485657,0.0
59.96686935,30.30055428,0.0
59.95788193,30.28657913,0.0
59.95735168,30.31076241,0.0
59.97362137,30.25823975,0.0
59.97263336,30.25874138,0.0
59.97202301,30.25850677,0.0
59.96388245,30.29538345,0.0
59.97112274,30.31167221,0.0
59.96386719,30.3085556,0.0
59.96488571,30.30617332,0.0
59.96196365,30.25426674,0.0
59.95863724,30.27343941,0.0
59.95776367,30.27505493,0.0
59.96285248,30.27544403,0.0
59.96180344,30.27340126,0.0
59.96451187,30.30378342,0.0
59.96585846,30.2952919,0.0
59.96636581,30.29548645,0.0
59.96622467,30.29333305,0.0
59.96049881,30.31181908,0.0
59.97354126,30.26016426,0.0
59.97344971,30.25858116,0.0
59.97319031,30.27601433,0.0
59.97290802,30.27589417,0.0
59.97202301,30.26893234,0.0
59.97706985,30.28110123,0.0
59.9769516,30.2850914,0.0
59.97688293,30.28462982,0.0
59.95796967,30.2851162,0.0
59.96180344,30.275774,0.0
59.9618721,30.32597542,0.0
59.96101761,30.32284164,0.0
59.97081757,30.2728157,0.0
59.9706459,30.27278137,0.0
59.95687485,30.28902054,0.0
59.96202087,30.29460526,0.0
59.97556686,30.22848701,0.0
59.97542953,30.2284584,0.0
59.97472382,30.24380112,0.0
59.97470093,30.24704361,0.0
60.00234222,30.26242256,0.0
60.02346039,30.23124695,0.0
60.02457047,30.22906876,0.0
59.98232269,30.21298027,0.0
59.98232269,30.21298027,0.0
59.98358536,30.21331024,0.0
59.98397827,30.21384048,0.0
59.98395538,30.21351814,0.0
59.98451233,30.21410942,0.0
59.98571014,30.21442986,0.0
59.98830795,30.2160778,0.0
59.98965836,30.216465,0.0
60.00634766,30.22508621,0.0
60.00630951,30.22538757,0.0
60.01656342,30.31182289,0.0
60.0163002,30.31034279,0.0
60.01399612,30.27942085,0.0
60.01273727,30.27898979,0.0
59.72089005,30.42710876,0.0
60.05944061,30.24704742,0.0
60.05542755,30.23516846,0.0
60.00289154,30.14768791,0.0
60.02348709,30.2508831,0.0
60.01430511,30.26177216,0.0
60.01329422,30.26584244,0.0
60.01340103,30.26589584,0.0
60.01344681,30.2646904,0.0
60.01355362,30.26474953,0.0
59.98602295,30.3150692,0.0
59.98608017,30.31242752,0.0
59.99968719,30.19885254,0.0
60.01074219,30.26723289,0.0
59.98973083,30.15984917,0.0
59.99055099,30.16007996,0.0
60.02986145,30.22896004,0.0
60.02950668,30.23066521,0.0
59.99836349,30.23189545,0.0
59.9985199,30.22978592,0.0
59.99840164,30.22973061,0.0
60.00056839,30.21587944,0.0
60.01822281,30.22712708,0.0
60.01681519,30.22907448,0.0
59.98453522,30.26748085,0.0
60.00038528,30.20051193,0.0
59.98381042,30.26864433,0.0
59.98994064,30.31760406,0.0
59.98900604,30.31627274,0.0
59.7010498,30.3967495,0.0
60.01247025,30.29404259,0.0
60.00792694,30.29621887,0.0
60.00790787,30.29597664,0.0
59.98796082,30.28756714,0.0
59.9874649,30.28106117,0.0
59.9873848,30.28108597,0.0
59.98691177,30.27555847,0.0
60.02775574,30.29162025,0.0
60.02737427,30.28954506,0.0
60.02734375,30.28902817,0.0
60.02899551,30.28572655,0.0
60.02871323,30.28783035,0.0
60.01395035,30.00628471,0.0
60.01312256,30.00811386,0.0
60.01277924,30.00839996,0.0
60.01810074,29.99235916,0.0
60.03011703,29.9895649,0.0
60.020401,29.99312782,0.0
60.00981903,30.00808907,0.0
60.00880051,30.00740242,0.0
60.00605774,30.00498581,0.0
60.00350189,30.00304031,0.0
60.02694321,29.99244308,0.0
60.02308655,30.00030518,0.0
60.02180862,30.00248337,0.0
59.995121,30.12194252,0.0
59.68222046,30.42717934,0.0
59.68167496,30.43137741,0.0
59.72969818,30.44218254,0.0
59.73091507,30.44177437,0.0
59.7326355,30.41292191,0.0
59.70453644,30.37917519,0.0
59.73493958,30.42113113,0.0
59.73350143,30.42201424,0.0
59.72177505,30.39962196,0.0
59.7219162,30.39920044,0.0
59.72233582,30.39796257,0.0
59.72185898,30.40004349,0.0
59.72132874,30.40169716,0.0
59.72122955,30.40202332,0.0
59.70901489,30.3846817,0.0
59.70926666,30.38301468,0.0
59.70067978,30.38969421,0.0
59.70166397,30.39984894,0.0
59.70328522,30.38655853,0.0
59.73935318,30.42361832,0.0
59.72739792,30.41348648,0.0
59.72598267,30.4114933,0.0
59.7197113,30.40378761,0.0
59.71947098,30.40325165,0.0
59.71842194,30.40192986,0.0
59.7182312,30.40170479,0.0
59.71734238,30.4008522,0.0
59.71714401,30.40061378,0.0
59.6836319,30.42977905,0.0
59.6836319,30.42977905,0.0
59.73416519,30.40546417,0.0
59.73269653,30.40377998,0.0
59.73215866,30.4029026,0.0
59.73117065,30.40174103,0.0
59.71723938,30.4244709,0.0
59.7074852,30.40767479,0.0
59.68544006,30.48103333,0.0
59.68530655,30.47441101,0.0
59.68510818,30.47183609,0.0
59.68519974,30.47426224,0.0
59.68292999,30.43330574,0.0
59.70640945,30.40865135,0.0
59.72904587,30.33008575,0.0
59.73014069,30.33169746,0.0
59.73061371,30.33258057,0.0
59.7307663,30.33309174,0.0
59.73236084,30.33657837,0.0
59.73381042,30.33942413,0.0
59.73280716,30.32632828,0.0
59.72588348,30.34943008,0.0
59.72570801,30.35026169,0.0
59.72497177,30.44556046,0.0
59.72557449,30.44890022,0.0
59.71990585,30.42237473,0.0
59.72100067,30.41854477,0.0
59.70714569,30.40948486,0.0
59.70732498,30.40913773,0.0
59.7083931,30.40836525,0.0
59.71892166,30.42324448,0.0
59.73274231,30.40871811,0.0
59.73117828,30.40696526,0.0
59.72917938,30.40418243,0.0
59.72808075,30.40302086,0.0
59.71334076,30.43841362,0.0
59.72766495,30.3473053,0.0
59.72719193,30.34889412,0.0
59.72774506,30.34680748,0.0
59.72829437,30.34488106,0.0
59.7371521,30.34079552,0.0
59.73532104,30.33602715,0.0
59.70198822,30.45354652,0.0
59.7027626,30.45119286,0.0
59.69960403,30.44987679,0.0
59.70062637,30.45130348,0.0
59.70168686,30.45289421,0.0
59.70194244,30.45304489,0.0
59.70145798,30.44454002,0.0
59.70508957,30.4479332,0.0
59.67166519,30.2851963,0.0
59.67253494,30.28361511,0.0
59.67334366,30.28199959,0.0
59.67922211,30.27172089,0.0
59.67508698,30.27907562,0.0
59.6758194,30.27760315,0.0
59.67750168,30.27476883,0.0
59.67822647,30.27333069,0.0
59.67987442,30.27037048,0.0
59.68056488,30.2682724,0.0
59.73801041,30.41066742,0.0
59.73799896,30.41022301,0.0
59.71557236,30.41157913,0.0
59.71723557,30.4074707,0.0
59.71803284,30.40480804,0.0
59.74116135,30.40662766,0.0
59.74100494,30.40394592,0.0
59.74105835,30.40216827,0.0
59.74089813,30.3993969,0.0
59.68762207,30.43233109,0.0
59.70375061,30.38251877,0.0
59.70439911,30.38079643,0.0
59.70192719,30.397995,0.0
59.71890259,30.41463089,0.0
59.72128677,30.40786934,0.0
59.72209167,30.40498352,0.0
59.72281265,30.40322113,0.0
59.72346115,30.4008007,0.0
59.73012161,30.44095612,0.0
59.72589111,30.4462986,0.0
59.73410797,30.33492279,0.0
59.73365402,30.33386993,0.0
59.73199844,30.32978439,0.0
59.73138046,30.32822418,0.0
59.73038864,30.32681465,0.0
59.7292366,30.32545471,0.0
59.72802734,30.32435799,0.0
59.73023987,30.32432175,0.0
59.73231125,30.32708549,0.0
59.73317719,30.32939529,0.0
59.7315979,30.32387733,0.0
59.73255157,30.32558632,0.0
59.73311234,30.32642555,0.0
59.73493576,30.33057022,0.0
59.7350769,30.33115387,0.0
59.73588562,30.3328228,0.0
59.73243332,30.36053467,0.0
59.73173141,30.36121559,0.0
59.73161316,30.36110115,0.0
59.73086929,30.36179161,0.0
59.7299614,30.36240196,0.0
59.70023727,30.4479084,0.0
59.70109558,30.44664764,0.0
59.7019577,30.44331741,0.0
59.70204544,30.44146156,0.0
59.69395447,30.42287064,0.0
59.69351578,30.42694855,0.0
59.69390488,30.42964363,0.0
59.73206329,30.3516407,0.0
59.70773315,30.37944221,0.0
59.70560074,30.37576485,0.0
59.70533752,30.37492561,0.0
59.70444489,30.37358475,0.0
59.71828842,30.40681648,0.0
59.71694565,30.40543365,0.0
59.73195648,30.40126228,0.0
59.73138046,30.40335464,0.0
59.72937012,30.40912056,0.0
59.72935486,30.40949631,0.0
59.72885132,30.41102791,0.0
59.72813797,30.41283607,0.0
59.72748184,30.41519165,0.0
59.72480774,30.42292786,0.0
59.72426605,30.4249382,0.0
59.72866821,30.40955925,0.0
59.72241211,30.40171814,0.0
59.72086334,30.39971352,0.0
59.6802063,30.45549583,0.0
59.68476486,30.47321892,0.0
59.67947388,30.45617676,0.0
59.68698502,30.43110657,0.0
59.68085098,30.4341507,0.0
59.68288422,30.467062,0.0
59.68400574,30.46811295,0.0
59.68400192,30.44594574,0.0
59.80801773,30.38237762,0.0
59.80831146,30.38409805,0.0
59.69450378,30.42887497,0.0
59.70596313,30.41735458,0.0
59.70737457,30.41583443,0.0
59.72795868,30.32672501,0.0
59.72907639,30.32767868,0.0
59.7293396,30.32814789,0.0
59.73075485,30.33000374,0.0
59.73210907,30.33278656,0.0
59.7111969,30.42142296,0.0
59.71038055,30.41706085,0.0
59.69698334,30.44018936,0.0
59.69914627,30.44128227,0.0
59.70509338,30.44797516,0.0
59.70386887,30.44105148,0.0
59.67710495,30.45362282,0.0
59.67614365,30.45633698,0.0
59.73112869,30.34760094,0.0
59.73095703,30.35407829,0.0
59.73441696,30.3512516,0.0
59.7181778,30.39981842,0.0
59.7181778,30.39981842,0.0
59.71750641,30.40246964,0.0
59.71738052,30.40283394,0.0
59.8309021,30.34462357,0.0
59.83175659,30.34231377,0.0
59.96007919,30.22969055,0.0
59.95885849,30.22940254,0.0
59.94430923,30.23922157,0.0
59.9442482,30.23775291,0.0
59.943367,30.2391777,0.0
59.94062424,30.24222755,0.0
59.93958282,30.24384499,0.0
59.93720627,30.24579811,0.0
59.9359169,30.24723625,0.0
59.93498611,30.27004814,0.0
59.93891907,30.28251076,0.0
59.94552231,30.29224396,0.0
59.93570328,30.22564697,0.0
59.93343353,30.22771835,0.0
59.95294952,30.24845505,0.0
59.9516983,30.24918365,0.0
59.93201065,30.24861145,0.0
59.93165588,30.24879265,0.0
59.93065643,30.24965286,0.0
59.93040085,30.2497921,0.0
59.95241928,30.25004578,0.0
59.9519577,30.24768257,0.0
59.93239594,30.24146271,0.0
59.93135071,30.24219131,0.0
59.95181274,30.23705482,0.0
59.9516716,30.23467445,0.0
59.94073486,30.2167511,0.0
59.94001007,30.21787262,0.0
59.94013214,30.21813965,0.0
59.93911362,30.21821213,0.0
59.94894791,30.27833748,0.0
59.93864441,30.28406334,0.0
59.94577026,30.27536201,0.0
59.93979645,30.27584839,0.0
59.9397316,30.27562332,0.0
59.94481659,30.26276016,0.0
59.94348526,30.26482582,0.0
59.93645096,30.26615524,0.0
59.93150711,30.26826668,0.0
59.94023895,30.25139618,0.0
59.93922424,30.25283241,0.0
59.93217087,30.25244141,0.0
59.9332695,30.25086212,0.0
59.94793701,30.27789879,0.0
59.94799805,30.19749451,0.0
59.95041275,30.23349571,0.0
59.95151901,30.23306084,0.0
59.94303513,30.23274422,0.0
59.94399261,30.23589897,0.0
59.94939423,30.22545815,0.0
59.94945526,30.22329521,0.0
59.95157623,30.25875092,0.0
59.94781494,30.24004173,0.0
59.94863129,30.24205399,0.0
59.93308258,30.23777771,0.0
59.93604279,30.23638725,0.0
59.93727493,30.2357254,0.0
59.93454361,30.23700523,0.0
59.93365097,30.23764801,0.0
59.93221283,30.23822784,0.0
59.93091965,30.23906326,0.0
59.93832779,30.21724701,0.0
59.94015503,30.21591759,0.0
59.94855881,30.26719856,0.0
59.93291092,30.25263786,0.0
59.93097305,30.2481041,0.0
59.93094254,30.24787331,0.0
59.94534683,30.28659439,0.0
59.93240738,30.24277306,0.0
59.93170929,30.24058723,0.0
59.9317627,30.23981476,0.0
59.9312973,30.23741341,0.0
59.94934464,30.26764107,0.0
59.94014359,30.23972893,0.0
59.93882751,30.24150658,0.0
59.93777847,30.24234581,0.0
59.93614578,30.24328041,0.0
59.92909622,30.24686623,0.0
59.93399811,30.23875618,0.0
59.94596863,30.2911911,0.0
59.94570541,30.29378891,0.0
59.98287582,30.34679413,0.0
60.04819107,30.32623863,0.0
60.04845047,30.32368469,0.0
60.00356674,30.35605049,0.0
60.00190353,30.35427094,0.0
59.9991951,30.35261536,0.0
60.07516479,30.36811256,0.0
60.07388687,30.37406349,0.0
60.07419586,30.37170029,0.0
60.07595444,30.3630085,0.0
59.96498489,30.34564209,0.0
59.96469498,30.34432411,0.0
60.01803589,30.33010292,0.0
60.01734924,30.32345581,0.0
59.9809761,30.34902573,0.0
60.01386261,30.33263969,0.0
60.01394272,30.33260345,0.0
60.01351929,30.32911682,0.0
60.01344681,30.32915306,0.0
60.05042267,30.34096336,0.0
60.04945755,30.34041977,0.0
60.0481987,30.33915138,0.0
60.0473175,30.33877563,0.0
60.03696442,30.33003807,0.0
60.03598404,30.32949257,0.0
60.0108223,30.3576107,0.0
60.0630722,30.30747223,0.0
60.06366348,30.30979919,0.0
60.04533005,30.34300232,0.0
60.05262375,30.34892845,0.0
60.05143738,30.34822083,0.0
59.99275208,30.34139061,0.0
59.99592209,30.34368134,0.0
60.00460052,30.35010147,0.0
60.00366974,30.34979057,0.0
60.01515961,30.31962013,0.0
60.01541138,30.32124519,0.0
59.99256134,30.3500824,0.0
60.01388168,30.32197189,0.0
60.05453873,30.31428146,0.0
60.05342102,30.31526756,0.0
60.05080032,30.30679512,0.0
60.05007935,30.30736351,0.0
60.04656219,30.30936813,0.0
60.04474258,30.31056595,0.0
60.05472946,30.38372421,0.0
60.04240799,30.35723114,0.0
60.0423851,30.35692024,0.0
60.0437088,30.35798073,0.0
60.05091095,30.36406517,0.0
59.96744919,30.34866524,0.0
59.96694946,30.34563065,0.0
59.99693298,30.33892632,0.0
60.04568863,30.30002975,0.0
60.04663467,30.29914474,0.0
60.03459167,30.31114388,0.0
60.03297043,30.31307793,0.0
60.00006485,30.33938217,0.0
59.9991951,30.33897018,0.0
60.00405502,30.3417511,0.0
60.00566101,30.34092331,0.0
59.99951935,30.34061432,0.0
59.99981689,30.33789635,0.0
60.04918671,30.30519867,0.0
60.04818344,30.30209541,0.0
60.02684784,30.31173325,0.0
60.02786636,30.31442642,0.0
60.02862549,30.3160305,0.0
60.04161453,30.35842323,0.0
60.04100418,30.3606987,0.0
60.042202,30.35485268,0.0
60.04411316,30.34613991,0.0
60.04506302,30.34079361,0.0
60.05880737,30.3449688,0.0
60.05921173,30.34228897,0.0
60.05774307,30.31116867,0.0
60.0585289,30.3073101,0.0
60.05784225,30.31126022,0.0
60.05840302,30.3073101,0.0
60.00635529,30.34380913,0.0
60.00682449,30.34931374,0.0
60.02684402,30.31031799,0.0
60.02167511,30.32773781,0.0
60.02112579,30.32357788,0.0
60.03998184,30.36129379,0.0
60.04961014,30.3691082,0.0
60.0487442,30.36817551,0.0
60.04738617,30.36732483,0.0
60.0462265,30.36612511,0.0
60.04527664,30.36560249,0.0
60.0451622,30.36527824,0.0
60.0438385,30.3644352,0.0
60.04249573,30.36311722,0.0
60.04149628,30.36229515,0.0
60.04146957,30.36250305,0.0
60.05182266,30.33345222,0.0
60.04043961,30.30759811,0.0
60.0412941,30.31144142,0.0
60.07500076,30.29413223,0.0
60.07398605,30.29442406,0.0
60.07312775,30.29453087,0.0
60.07089233,30.29368591,0.0
60.07727432,30.24975014,0.0
60.07836151,30.25063896,0.0
60.00483704,30.35022545,0.0
60.00409317,30.34369278,0.0
59.96210861,30.34755707,0.0
59.96245575,30.34958076,0.0
60.03822708,30.3970623,0.0
60.0382576,30.39692116,0.0
60.03701401,30.39706993,0.0
60.03697205,30.3972683,0.0
60.01552582,30.32016182,0.0
60.0144043,30.32077026,0.0
60.01412582,30.32070923,0.0
60.01348114,30.32113838,0.0
60.01157761,30.32173538,0.0
60.01135254,30.32181931,0.0
60.0100975,30.32251167,0.0
60.0092659,30.32283401,0.0
60.01014328,30.32373238,0.0
60.08486176,30.28754234,0.0
60.08531952,30.28843689,0.0
60.0856781,30.28933334,0.0
60.03522873,30.35431099,0.0
60.03398132,30.35428619,0.0
60.01623535,30.42961121,0.0
60.01654434,30.42722511,0.0
60.03229141,30.3617897,0.0
60.03216934,30.36179733,0.0
60.03199387,30.35813141,0.0
60.03186798,30.35815048,0.0
60.03156662,30.3465786,0.0
60.03513336,30.33232498,0.0
60.03487778,30.33001518,0.0
60.0506134,30.36854172,0.0
60.05213547,30.36103821,0.0
60.05383301,30.35336685,0.0
60.05682373,30.32326126,0.0
60.05807114,30.32398415,0.0
60.0480957,30.30239487,0.0
60.04964447,30.30534744,0.0
60.0568428,30.29146385,0.0
60.04706955,30.29898262,0.0
60.05625534,30.2918911,0.0
60.02312469,30.3664341,0.0
60.02196503,30.36685753,0.0
60.02197647,30.36713028,0.0
60.02311325,30.36615562,0.0
60.00150299,30.36073685,0.0
59.99984741,30.36331367,0.0
60.0378685,30.33972359,0.0
60.03821182,30.3369751,0.0
59.98712158,30.3483429,0.0
59.98714828,30.34866714,0.0
60.05820084,30.33214951,0.0
60.05718994,30.33630943,0.0
60.05836487,30.33067322,0.0
60.00938034,30.35524178,0.0
60.01010513,30.35771561,0.0
60.09781265,30.20495605,0.0
60.09892654,30.20657539,0.0
60.10179138,30.21169281,0.0
60.10326385,30.21389198,0.0
60.09700775,30.14893532,0.0
60.09670639,30.15237045,0.0
60.10142899,30.19719315,0.0
60.10234833,30.19851875,0.0
60.11371613,30.22500229,0.0
60.10883713,30.26721764,0.0
60.10736847,30.26782227,0.0
60.10842133,30.26717758,0.0
60.10998917,30.26655769,0.0
60.07702637,30.24776459,0.0
60.07629013,30.25012016,0.0
60.0776825,30.24604225,0.0
60.1073494,30.26485825,0.0
60.10785294,30.26829338,0.0
60.10743332,30.26590347,0.0
60.10745621,30.26246643,0.0
60.0812645,30.23934746,0.0
60.08002853,30.24111176,0.0
60.08398438,30.34859657,0.0
60.08323669,30.34600449,0.0
60.0798378,30.24788666,0.0
60.07897186,30.24915314,0.0
60.07900238,30.24887848,0.0
60.0880127,30.29325867,0.0
60.08861542,30.29094315,0.0
60.08882904,30.28882408,0.0
60.08880234,30.28897285,0.0
60.08036041,30.25402069,0.0
60.07912064,30.2558136,0.0
60.07565308,30.29347801,0.0
60.07778549,30.29117203,0.0
60.07873535,30.28781128,0.0
60.08000183,30.27872467,0.0
60.08011246,30.27459717,0.0
60.08021545,30.27464104,0.0
60.08049774,30.27248573,0.0
60.08090591,30.27073288,0.0
60.08213806,30.26457214,0.0
60.11110306,30.25324821,0.0
60.1099968,30.25428581,0.0
60.08338928,30.26714706,0.0
60.0819931,30.2754879,0.0
60.08176422,30.27898216,0.0
60.06867218,30.29791451,0.0
60.07002258,30.29769707,0.0
60.07347107,30.29538918,0.0
60.08536148,30.29989624,0.0
60.08692551,30.25756645,0.0
60.08886337,30.25595284,0.0
60.08486557,30.2589798,0.0
60.08301544,30.26019287,0.0
60.08757401,30.2717247,0.0
60.08644867,30.27214622,0.0
60.08541489,30.2688694,0.0
60.08491516,30.26725578,0.0
60.08452606,30.26678085,0.0
60.08426666,30.26588058,0.0
60.10860443,30.24963951,0.0
60.10980606,30.24804115,0.0
60.08349228,30.26659966,0.0
60.08075714,30.24357986,0.0
60.07967377,30.25841904,0.0
60.0815506,30.25596046,0.0
60.08440399,30.25242996,0.0
60.1109581,30.24777031,0.0
60.11120605,30.25180817,0.0
60.11341095,30.26410866,0.0
60.11349487,30.27081871,0.0
60.02621841,30.3110733,0.0
60.01091385,30.32370186,0.0
60.01086426,30.32326889,0.0
60.01081467,30.32053566,0.0
60.0106926,30.32091522,0.0
60.05163956,30.3081665,0.0
60.04618835,30.31149673,0.0
59.99954987,30.37782669,0.0
59.99974442,30.3760643,0.0
60.08348846,30.29708099,0.0
60.08683777,30.28955269,0.0
60.08825302,30.28873825,0.0
60.08884048,30.28581619,0.0
60.08835602,30.27166176,0.0
60.08795929,30.26882362,0.0
60.08790588,30.2659111,0.0
60.08766174,30.26264763,0.0
60.11509705,30.21563721,0.0
60.07931137,30.29030228,0.0
60.05944061,30.24704742,0.0
60.05542755,30.23516846,0.0
60.05630112,30.23703194,0.0
60.0749855,30.29396057,0.0
59.89918518,30.28541374,0.0
59.83427811,30.20982742,0.0
59.83628464,30.20941544,0.0
59.83613586,30.20643997,0.0
59.83623505,30.2061348,0.0
59.83607483,30.20271111,0.0
59.89786911,30.27409363,0.0
59.89705658,30.27017021,0.0
59.84879303,30.25642776,0.0
59.83026123,30.22759628,0.0
59.83123779,30.22643852,0.0
59.83248901,30.22535896,0.0
59.87664413,30.24662781,0.0
59.87080002,30.2565403,0.0
59.87080765,30.25673485,0.0
59.90067291,30.28443718,0.0
59.90147781,30.28487015,0.0
59.84203339,30.25955009,0.0
59.84243011,30.26190948,0.0
59.84495544,30.26779175,0.0
59.84488678,30.26793289,0.0
59.84619522,30.26785469,0.0
59.84620285,30.26763725,0.0
59.84874725,30.26768112,0.0
59.87532806,30.26557732,0.0
59.8734436,30.27417374,0.0
59.87522888,30.26810455,0.0
59.84178925,30.26869392,0.0
59.84625626,30.25901985,0.0
59.84529495,30.26192093,0.0
59.83877945,30.21461296,0.0
59.8397522,30.21303558,0.0
59.85574341,30.24300957,0.0
59.85628128,30.24464798,0.0
59.8571701,30.24635696,0.0
59.85996246,30.25333405,0.0
59.86073685,30.25512314,0.0
59.86085892,30.25500107,0.0
59.82725143,30.20128632,0.0
59.84540176,30.2711525,0.0
59.84045792,30.24707794,0.0
59.85546494,30.26274681,0.0
59.88846207,30.26633263,0.0
59.88870239,30.26659012,0.0
59.90085983,30.27936935,0.0
59.85218811,30.27602005,0.0
59.84671783,30.25359726,0.0
59.83314896,30.21257401,0.0
59.8330307,30.21221542,0.0
59.80059814,30.58673859,0.0
59.81805801,30.57432365,0.0
59.81779099,30.57502747,0.0
59.81731796,30.57622719,0.0
59.81683731,30.57737923,0.0
59.8164711,30.57855797,0.0
59.81567001,30.58044624,0.0
59.81517029,30.58167076,0.0
59.80836487,30.59102058,0.0
59.80750275,30.59237862,0.0
59.80735397,30.59243965,0.0
59.80843735,30.56830788,0.0
59.80978012,30.57010078,0.0
59.80940247,30.56609726,0.0
59.81262589,30.56443977,0.0
59.81375885,30.5657444,0.0
59.81393433,30.56634903,0.0
59.81482697,30.5673027,0.0
59.80688477,30.5844841,0.0
59.80640793,30.58358002,0.0
59.81190109,30.5590992,0.0
59.74451447,30.58864403,0.0
59.73816299,30.56783867,0.0
59.73783875,30.56482887,0.0
59.73519135,30.57227325,0.0
59.73402405,30.57198334,0.0
59.73515701,30.56104088,0.0
59.73398209,30.56315231,0.0
59.78583908,30.62376976,0.0
59.78518677,30.62578392,0.0
59.731987,30.61197662,0.0
59.73313141,30.61148262,0.0
59.73855591,30.62158966,0.0
59.73208237,30.61717987,0.0
59.73326874,30.61683083,0.0
59.75066757,30.57771683,0.0
59.75041962,30.57553101,0.0
59.75033188,30.57034302,0.0
59.73542023,30.60826492,0.0
59.77345657,30.59388542,0.0
59.77239227,30.59456253,0.0
59.73400116,30.57842636,0.0
59.73192596,30.57806015,0.0
59.74389648,30.58806419,0.0
59.92763138,30.4347496,0.0
59.92935944,30.43661118,0.0
59.92375946,30.43010902,0.0
59.98135376,30.43972588,0.0
59.98013687,30.43934441,0.0
59.97827911,30.4380722,0.0
59.97698212,30.43771172,0.0
59.9447403,30.48337936,0.0
59.93730164,30.44875717,0.0
59.93717575,30.44884109,0.0
59.94002151,30.45912361,0.0
59.94013977,30.45902061,0.0
59.97345352,30.4578228,0.0
59.97344208,30.45807648,0.0
59.9418869,30.47691727,0.0
59.9246788,30.42437744,0.0
59.92562866,30.42227745,0.0
59.95557022,30.41192436,0.0
59.96394348,30.43714142,0.0
59.96393967,30.43685341,0.0
59.92497635,30.41006088,0.0
59.95051193,30.4682579,0.0
59.94981384,30.46626854,0.0
59.94963074,30.46556282,0.0
59.94624329,30.46946335,0.0
59.94526291,30.46643257,0.0
59.94734955,30.48332787,0.0
59.93988037,30.49670792,0.0
59.9401474,30.49324226,0.0
59.93869781,30.46887398,0.0
59.95595169,30.46795464,0.0
60.03302383,30.45651817,0.0
59.93354034,30.40227318,0.0
59.93257904,30.401968,0.0
59.97251129,30.39490128,0.0
59.97310257,30.39266777,0.0
59.98179626,30.41431046,0.0
59.99061584,30.42422104,0.0
59.95503235,30.41071129,0.0
59.95863724,30.48640823,0.0
59.96846771,30.4321022,0.0
59.93419647,30.43082237,0.0
59.96879578,30.36557579,0.0
59.96713638,30.36667252,0.0
59.98743057,30.42037773,0.0
59.98669815,30.42367172,0.0
59.98361588,30.42295265,0.0
60.00229645,30.43566895,0.0
59.82907486,30.18228722,0.0
59.82803726,30.18281555,0.0
59.82684708,30.10059547,0.0
59.82728195,30.10108757,0.0
59.82687759,30.10052109,0.0
59.82208633,30.09392166,0.0
59.82208633,30.09392166,0.0
59.79572678,30.16230392,0.0
59.7950325,30.16158485,0.0
59.79429245,30.16075706,0.0
59.79363632,30.15990639,0.0
59.79307175,30.15942764,0.0
59.78359222,30.14827919,0.0
59.78208542,30.14638519,0.0
59.78190613,30.14599037,0.0
59.8430748,30.14038467,0.0
59.83739471,30.14015579,0.0
59.83618927,30.14034081,0.0
59.82787323,30.17559814,0.0
59.82670212,30.17598724,0.0
59.82694244,30.07562828,0.0
59.7480278,30.09177208,0.0
59.74772263,30.09466171,0.0
59.69662857,30.11935616,0.0
59.69805527,30.1193943,0.0
59.74850845,30.09555244,0.0
59.748909,30.09294319,0.0
59.78070831,30.14377022,0.0
59.82949829,30.14328384,0.0
59.76290131,30.13696671,0.0
59.76288223,30.13842392,0.0
59.76281738,30.13869476,0.0
59.76394653,30.14130402,0.0
59.8100853,30.17427826,0.0
59.81089783,30.17500877,0.0
59.81136322,30.1756897,0.0
59.81227493,30.17654991,0.0
59.81271362,30.17719269,0.0
59.82821655,30.14341736,0.0
59.82949829,30.14328384,0.0
59.85677338,30.210783,0.0
59.85787201,30.21176529,0.0
59.85666275,30.21097946,0.0
59.85564423,30.21003914,0.0
59.81988525,30.09919739,0.0
59.82444,30.10588264,0.0
59.82811737,30.11085701,0.0
59.82990646,30.08714867,0.0
59.85049438,30.19070816,0.0
59.85042191,30.18869781,0.0
59.83349991,30.08885384,0.0
59.8275032,30.07770538,0.0
59.73295593,30.08149529,0.0
59.73243713,30.07771492,0.0
59.73321152,30.0799427,0.0
59.85758972,30.14167023,0.0
59.85775375,30.14168739,0.0
59.79029465,30.14953423,0.0
59.85049438,30.14695168,0.0
59.85365295,30.14731026,0.0
59.85520172,30.14697456,0.0
59.84542084,30.02517128,0.0
59.84833908,30.01692009,0.0
59.84617615,30.02282333,0.0
59.84590149,30.02384758,0.0
59.84576797,30.02397728,0.0
59.84898758,30.01487923,0.0
59.82690811,30.07766914,0.0
59.82143021,30.09303474,0.0
59.82083511,30.09484673,0.0
59.82946396,30.08542061,0.0
59.85393524,30.17568016,0.0
59.85262299,30.17611122,0.0
59.85639191,30.18083763,0.0
59.85473633,30.1881237,0.0
59.85616302,30.18314934,0.0
59.85687256,30.18003082,0.0
59.8451004,30.13572121,0.0
59.84800339,30.1336174,0.0
59.84808731,30.13583946,0.0
59.99485016,29.77050781,0.0
59.99456406,29.77256203,0.0
59.99271393,29.78107262,0.0
59.99220657,29.78416252,0.0
59.99207306,29.78484726,0.0
59.9917984,29.78541756,0.0
60.00920486,29.72396469,0.0
59.99445343,29.77894783,0.0
59.99406815,29.77840424,0.0
59.99249268,29.75520134,0.0
59.99586868,29.75808907,0.0
59.99378204,29.7560482,0.0
59.99814606,29.76912689,0.0
59.98646545,29.78508568,0.0
59.98593903,29.78813934,0.0
59.98583984,29.78861237,0.0
59.99201965,29.75831223,0.0
59.99322891,29.75913048,0.0
60.00003433,29.76487541,0.0
59.99873352,29.76398087,0.0
59.9931221,29.75665092,0.0
59.99621582,29.77750397,0.0
59.9991684,29.77296257,0.0
59.99851227,29.7739315,0.0
59.99665833,29.77767754,0.0
59.99626541,29.77936363,0.0
59.99586487,29.7802124,0.0
59.9954567,29.78207779,0.0
60.19642258,29.70295715,0.0
60.19628143,29.70492935,0.0
60.19494247,29.70938683,0.0
60.19423676,29.71511078,0.0
60.19681549,29.70663071,0.0
60.08016968,29.96872902,0.0
60.08347321,29.96120071,0.0
60.08347702,29.96096611,0.0
60.08472061,29.95986938,0.0
60.0927124,29.94340134,0.0
60.09278488,29.94536209,0.0
60.09289551,29.94669342,0.0
60.05676651,29.98081398,0.0
60.12019348,30.16805458,0.0
60.19272995,29.80447388,0.0
60.07349014,29.97149849,0.0
60.07510757,29.97122955,0.0
60.13314438,29.99220467,0.0
60.1351738,29.99701881,0.0
60.19174957,29.80306053,0.0
60.1697464,29.85684776,0.0
60.21144867,29.7083931,0.0
60.21139908,29.70861244,0.0
60.21016693,29.70767784,0.0
60.05273819,30.00820923,0.0
60.05543518,30.00807381,0.0
60.05500412,29.97868347,0.0
60.0550766,29.97868919,0.0
60.05628967,29.98104668,0.0
60.05631638,29.97801018,0.0
60.18265533,29.81594467,0.0
60.18267059,29.81333733,0.0
60.23590088,29.69427109,0.0
60.08843994,29.95374107,0.0
60.08961105,29.9543705,0.0
60.08568192,29.95563507,0.0
60.19020844,29.81387329,0.0
60.18904495,29.81306648,0.0
60.05186462,30.00748062,0.0
60.17287064,29.87594032,0.0
60.09021759,29.96160126,0.0
60.09063339,29.96427727,0.0
60.09007263,29.9757576,0.0
60.09040833,29.97454262,0.0
60.15011215,30.01485252,0.0
60.152668,30.01449585,0.0
60.15110779,30.01566696,0.0
60.12480164,30.14016724,0.0
60.12394333,30.13867569,0.0
60.12379456,30.14851189,0.0
60.12306976,30.14691353,0.0
60.12220001,30.14439392,0.0
60.12116241,30.14196205,0.0
60.12237167,30.15581512,0.0
60.102005,29.96793365,0.0
60.10203171,29.9717617,0.0
60.10214233,29.97018623,0.0
60.09798431,29.9732914,0.0
60.08171082,29.97349358,0.0
60.08152771,29.97076035,0.0
60.09468079,29.97233963,0.0
60.09407806,29.97452545,0.0
60.09373856,29.97555542,0.0
60.09408569,29.97405624,0.0
60.19625473,29.70582962,0.0
60.10036087,29.97340775,0.0
59.84921646,30.32393265,0.0
59.87166977,30.30268669,0.0
59.8715477,30.30993652,0.0
59.87174225,30.32976723,0.0
59.87197113,30.33259773,0.0
59.881073,30.31927872,0.0
59.88167572,30.31924438,0.0
59.83873367,30.31951714,0.0
59.85219574,30.33461571,0.0
59.85204697,30.33462524,0.0
59.86198044,30.33428192,0.0
59.86180496,30.3321228,0.0
59.861866,30.32603073,0.0
59.86179352,30.32046318,0.0
59.84226608,30.30945396,0.0
59.84300995,30.30778313,0.0
59.84433746,30.3055687,0.0
59.84524918,30.30361557,0.0
59.84825897,30.29354286,0.0
59.86061478,30.31879616,0.0
59.83905411,30.31070709,0.0
59.83664703,30.31086159,0.0
59.83787537,30.31107521,0.0
59.83555603,30.31120682,0.0
59.86226273,30.34925461,0.0
59.85807419,30.35104752,0.0
59.8564415,30.35174942,0.0
59.88080597,30.31245232,0.0
59.8644371,30.33321571,0.0
59.86437988,30.32907104,0.0
59.86424637,30.32908058,0.0
59.84891129,30.29183578,0.0
59.8542366,30.34157753,0.0
59.8543129,30.33942604,0.0
59.88938522,30.32966805,0.0
59.88710785,30.32963753,0.0
59.88711166,30.3298111,0.0
59.84452057,30.31505203,0.0
59.84350204,30.3153553,0.0
59.83088684,30.35085678,0.0
59.82966614,30.35020256,0.0
59.9073143,30.30062294,0.0
59.83599854,30.35048485,0.0
59.89160156,30.31387901,0.0
59.87221527,30.32476807,0.0
59.87513733,30.32456779,0.0
59.83873367,30.31951714,0.0
59.83664322,30.31990623,0.0
59.83570099,30.31969261,0.0
59.83361816,30.32007408,0.0
59.84481049,30.31389236,0.0
59.8432579,30.3142662,0.0
59.8807869,30.31227493,0.0
59.88080597,30.31245613,0.0
59.86180496,30.3321228,0.0
59.861866,30.32603073,0.0
59.86171341,30.32396698,0.0
59.82636261,30.32569695,0.0
59.82452774,30.32596016,0.0
59.8309021,30.34462357,0.0
59.73112869,30.34760094,0.0
59.84650421,30.02333641,0.0
59.84621429,30.02437401,0.0
59.84601974,30.02436256,0.0
59.84564972,30.02555656,0.0
59.84983826,30.01623344,0.0
59.84910965,30.01818466,0.0
59.89312744,30.42804337,0.0
59.89230728,30.42457581,0.0
59.90027237,30.47754669,0.0
59.90087891,30.47966385,0.0
59.90111923,30.48112488,0.0
59.89241791,30.4821682,0.0
59.91321945,30.39852333,0.0
59.91762161,30.48288536,0.0
59.91803741,30.48292923,0.0
59.89287949,30.48069,0.0
59.89281082,30.48419189,0.0
59.91647339,30.49663734,0.0
59.91651917,30.49684525,0.0
59.87950897,30.42903519,0.0
59.9083519,30.4565506,0.0
59.88047409,30.46312523,0.0
59.88002014,30.46128273,0.0
59.89497375,30.46661568,0.0
59.89560699,30.46875381,0.0
59.89577484,30.46998405,0.0
59.89640045,30.47209549,0.0
59.89632416,30.46612549,0.0
59.89690399,30.46800041,0.0
59.89705276,30.46920967,0.0
59.89762497,30.47098732,0.0
59.90197372,30.46286201,0.0
59.90190125,30.46294594,0.0
59.90492249,30.47573853,0.0
59.90561676,30.47752762,0.0
59.90300369,30.46648216,0.0
59.90293121,30.46655083,0.0
59.90199661,30.46374321,0.0
59.90191269,30.46381569,0.0
59.90289307,30.46570206,0.0
59.9188652,30.45323372,0.0
59.92051697,30.45434952,0.0
59.87859726,30.47311592,0.0
59.90561676,30.45653343,0.0
59.90618896,30.45842743,0.0
59.89649963,30.49433136,0.0
59.89651489,30.49215317,0.0
59.87768173,30.43844795,0.0
59.89172745,30.41561317,0.0
59.89097214,30.41342735,0.0
59.84154129,30.49941063,0.0
59.84092331,30.50208282,0.0
59.87672424,30.43816376,0.0
59.88926697,30.42673111,0.0
59.88883972,30.42505455,0.0
59.84070969,30.50065231,0.0
59.954648,29.937312,0.0
59.87218475,30.44300652,0.0
59.83173752,30.50927925,0.0
59.83119965,30.51147842,0.0
59.91895676,30.44660759,0.0
59.91853714,30.44877815,0.0
59.89538193,30.47629929,0.0
59.8943367,30.47759819,0.0
59.90295029,30.48542023,0.0
59.91757584,30.46265984,0.0
59.93052292,30.47346115,0.0
59.93081284,30.47301865,0.0
59.93114471,30.47452927,0.0
59.92957306,30.47381973,0.0
59.85803223,30.47215652,0.0
59.85860443,30.47011948,0.0
59.8686676,30.45047951,0.0
59.86756516,30.45178032,0.0
59.86008453,30.47624588,0.0
59.90035629,29.77635956,0.0
59.90025711,29.77626038,0.0
59.87839508,29.90524483,0.0
59.85055923,30.03006744,0.0
59.8589325,30.04516983,0.0
59.85698318,30.04515457,0.0
59.954648,29.937312,0.0
59.85712814,29.91503525,0.0
59.85603714,29.92205238,0.0
59.84671783,30.25359726,0.0
59.83314896,30.21257401,0.0
59.8330307,30.21221542,0.0
59.9004364,29.81511879,0.0
59.90164948,29.8158474,0.0
59.90844727,29.77205086,0.0
59.91688919,29.75668716,0.0
59.87028885,29.91925621,0.0
59.8768692,29.88776016,0.0
59.87529755,29.88719749,0.0
59.87295151,29.91217804,0.0
59.87394714,29.91226006,0.0
59.87417603,29.91272926,0.0
59.87578964,29.91340065,0.0
59.87476349,29.83930016,0.0
59.87088394,29.85704231,0.0
59.87623978,29.92497635,0.0
59.87744904,29.92566109,0.0
59.87836075,29.89199448,0.0
59.87835693,29.89541245,0.0
59.86828995,29.85670471,0.0
59.83621597,30.02446747,0.0
59.84080124,30.02746201,0.0
59.84201431,30.02942467,0.0
59.91510391,29.77562714,0.0
59.91514969,29.77278709,0.0
59.91614151,29.75839424,0.0
59.91652679,29.7555809,0.0
59.89603806,29.77457809,0.0
59.89596558,29.77488327,0.0
59.89728546,29.77608871,0.0
59.89735794,29.77579117,0.0
59.90146637,29.77991486,0.0
59.90237427,29.78039742,0.0
59.90299988,29.78133583,0.0
59.90423965,29.78185844,0.0
59.90281296,29.77041245,0.0
59.89944077,29.76830482,0.0
59.89803696,29.76778221,0.0
59.89685822,29.76689339,0.0
59.89600754,29.76667404,0.0
59.90736389,29.76142693,0.0
59.90705872,29.76409721,0.0
59.90697861,29.76404953,0.0
59.90692139,29.76444054,0.0
59.87078476,29.83236504,0.0
59.86769104,29.85465431,0.0
59.86942673,29.84689713,0.0
59.87051773,29.82987213,0.0
59.87791443,29.91861725,0.0
59.87675476,29.91757393,0.0
59.88051987,29.84280968,0.0
59.86929703,29.97467422,0.0
59.87050247,29.97649002,0.0
59.87579727,29.86481857,0.0
59.87509918,29.86281776,0.0
59.88996887,29.86995888,0.0
59.88976288,29.87231827,0.0
59.88599777,29.87159729,0.0
59.88311005,29.89273834,0.0
59.88322067,29.8947506,0.0
59.88319397,29.89762878,0.0
59.88309097,29.89817619,0.0
59.88320541,29.89959717,0.0
59.88322067,29.90022469,0.0
59.84703445,30.03411102,0.0
59.81894684,30.10026741,0.0
59.81969452,30.09771919,0.0
59.82083893,30.09486008,0.0
59.82136917,30.09296036,0.0
59.82692337,30.07769775,0.0
59.82766342,30.07521439,0.0
59.87612534,29.90094566,0.0
59.87395477,29.90008926,0.0
59.87018967,29.91868782,0.0
59.88650131,29.87351418,0.0
59.88531113,29.87201881,0.0
59.97727203,30.28745651,0.0
59.97880554,30.29733658,0.0
59.97887039,30.29729271,0.0
59.96529007,30.29450417,0.0
59.96506119,30.29426575,0.0
59.96311951,30.27480125,0.0
59.9570961,30.31487656,0.0
59.97391129,30.2774601,0.0
59.95998764,30.32573891,0.0
59.95882416,30.32717705,0.0
59.9553833,30.30668831,0.0
59.96956253,30.31390762,0.0
59.9543457,30.33127785,0.0
59.95417023,30.30256844,0.0
59.95820999,30.31168365,0.0
59.95777512,30.30971146,0.0
59.97211456,30.31075478,0.0
59.9766655,30.22719002,0.0
59.97646332,30.23296738,0.0
59.96307755,30.29421043,0.0
59.96202469,30.29286766,0.0
59.97905731,30.28089714,0.0
59.97317505,30.26926804,0.0
59.97037125,30.2590332,0.0
59.96500778,30.28264236,0.0
59.9582901,30.32981682,0.0
59.96548843,30.29935265,0.0
59.95516968,30.32875061,0.0
59.95418167,30.33090782,0.0
59.9571228,30.29450798,0.0
59.96907806,30.3118248,0.0
59.96201706,30.30970383,0.0
59.96828842,30.24946594,0.0
59.97291565,30.26803589,0.0
59.9725914,30.27038574,0.0
59.9679184,30.27509117,0.0
59.9570961,30.28766632,0.0
59.95928192,30.32372093,0.0
59.97127914,30.26053619,0.0
59.95112991,30.3042984,0.0
59.96295166,30.29269028,0.0
60.0032692,30.26373291,0.0
60.00035095,30.13807869,0.0
60.00035858,30.14144707,0.0
60.00759506,30.2260437,0.0
60.00764847,30.22569656,0.0
60.00177765,30.27515221,0.0
60.02267456,30.29676628,0.0
60.02233505,30.29438019,0.0
60.02149963,30.29229355,0.0
60.02119446,30.29129219,0.0
60.0205307,30.28959846,0.0
60.01969147,30.28783417,0.0
60.01964569,30.28753471,0.0
60.01879883,30.2869854,0.0
60.02141953,30.29815102,0.0
60.02111435,30.29756927,0.0
60.02026749,30.29612732,0.0
60.03633499,30.30230141,0.0
59.98593903,30.28005409,0.0
59.9862442,30.28246498,0.0
60.01769257,30.25268936,0.0
60.01679611,30.25019646,0.0
60.01735306,30.2953701,0.0
60.02712631,30.28926468,0.0
59.72079849,30.42717934,0.0
60.05630112,30.23703194,0.0
60.0749855,30.29396057,0.0
60.02793884,30.24582672,0.0
60.01039886,30.28820992,0.0
60.01060867,30.28549385,0.0
60.02726746,30.24730301,0.0
60.01729584,30.29554367,0.0
60.01675034,30.29694366,0.0
60.01663208,30.2973423,0.0
60.01594925,30.29852104,0.0
59.99893951,30.20078278,0.0
59.99753189,30.20162964,0.0
59.99640274,30.20268631,0.0
60.02404022,30.25702477,0.0
60.00941086,30.26685905,0.0
59.99834442,30.15878487,0.0
59.99825287,30.15916824,0.0
60.00082779,30.15546036,0.0
60.00085831,30.15528297,0.0
60.03063583,30.28682137,0.0
60.02979279,30.28925133,0.0
59.9930191,30.30327034,0.0
60.01707458,30.25253677,0.0
60.00050354,30.21352386,0.0
60.01806259,30.27370834,0.0
60.01792908,30.27363014,0.0
60.01676941,30.28342628,0.0
60.0201683,30.29726791,0.0
59.99401474,30.27516556,0.0
59.98377991,30.26640701,0.0
59.99834442,30.14743805,0.0
59.99839401,30.14936256,0.0
60.03289795,30.12404823,0.0
60.00518799,30.29717064,0.0
60.00521088,30.29741287,0.0
59.98722458,30.27765465,0.0
59.9878273,30.28429794,0.0
59.98850632,30.29276657,0.0
60.02177811,29.99771309,0.0
60.02065659,29.99971581,0.0
60.00967789,30.03600502,0.0
60.0099144,30.03483009,0.0
60.01025391,30.03349113,0.0
60.01060104,30.03240013,0.0
60.01096344,30.03067207,0.0
60.01807404,29.99141121,0.0
60.01950073,29.99180984,0.0
60.02026367,29.99240494,0.0
60.0217514,29.99326324,0.0
60.01063538,30.00289154,0.0
60.00960541,30.00219536,0.0
59.9955368,30.12501335,0.0
59.99547577,30.12927437,0.0
60.01327515,30.2629776,0.0
60.01332855,30.26324272,0.0
60.01327133,30.26405334,0.0
60.01316071,30.26432037,0.0
60.01210403,30.26350975,0.0
60.0120697,30.26376152,0.0
59.7305336,30.38474274,0.0
59.73091125,30.41812706,0.0
59.730793,30.42022324,0.0
59.73235321,30.4154892,0.0
59.70293045,30.3847599,0.0
59.70414734,30.38682365,0.0
59.70506287,30.39082909,0.0
59.71674347,30.41566086,0.0
59.71686172,30.41558838,0.0
59.70557022,30.38087463,0.0
59.70455933,30.39225578,0.0
59.70580292,30.39122963,0.0
59.73974991,30.41869354,0.0
59.73914337,30.41915894,0.0
59.7388649,30.41912651,0.0
59.73788452,30.41980171,0.0
59.69754028,30.41114998,0.0
59.695858,30.41261482,0.0
59.71699524,30.41423225,0.0
59.71710587,30.41749001,0.0
59.71659088,30.41526413,0.0
59.71551895,30.41320801,0.0
59.70049667,30.38746262,0.0
59.70117569,30.38840294,0.0
59.72730255,30.35343742,0.0
59.72723389,30.35337448,0.0
59.72974777,30.34572983,0.0
59.72989655,30.34552002,0.0
59.73030853,30.34407806,0.0
59.7346344,30.33145523,0.0
59.73379517,30.33334541,0.0
59.73793793,30.34045982,0.0
59.73696899,30.3355751,0.0
59.70048141,30.45465088,0.0
59.70513535,30.46104431,0.0
59.81675339,30.43652534,0.0
59.81570816,30.43320274,0.0
59.72488022,30.41028595,0.0
59.72237396,30.4068718,0.0
59.72108841,30.40555,0.0
59.7208252,30.40495491,0.0
59.73524094,30.34101677,0.0
59.69433975,30.42512703,0.0
59.69789124,30.42189789,0.0
59.68476486,30.44814682,0.0
59.68622589,30.44526863,0.0
59.68705368,30.44296837,0.0
59.68526459,30.44692993,0.0
59.67982864,30.42835617,0.0
59.67885971,30.42763329,0.0
59.67770767,30.42637634,0.0
59.67632294,30.43190956,0.0
59.67692566,30.43391609,0.0
59.6843338,30.43135071,0.0
59.70680618,30.4109745,0.0
59.73319626,30.46979141,0.0
59.73500824,30.47257233,0.0
59.72819901,30.4606266,0.0
59.72193527,30.39578056,0.0
59.70610046,30.41023827,0.0
59.71726608,30.42133141,0.0
59.73738098,30.41228867,0.0
59.73715591,30.41230583,0.0
59.73419189,30.34911919,0.0
59.73254013,30.34412575,0.0
59.73228836,30.35362053,0.0
59.73142624,30.34709549,0.0
59.73163605,30.3476944,0.0
59.73268127,30.35239792,0.0
59.73350906,30.35258293,0.0
59.70137405,30.45987129,0.0
59.70301437,30.45133591,0.0
59.69895172,30.44384956,0.0
59.70105362,30.44795227,0.0
59.70280838,30.45091248,0.0
59.69944763,30.44832802,0.0
59.69946671,30.44619751,0.0
59.68085098,30.26984978,0.0
59.7375145,30.33550453,0.0
59.8168869,30.4340477,0.0
59.73905563,30.41895866,0.0
59.73884201,30.41731834,0.0
59.73873138,30.41738129,0.0
59.73839569,30.41480446,0.0
59.73832703,30.41329002,0.0
59.73820114,30.41219711,0.0
